timestamp,rows,duplicates_ratio,missing_ratio,emotion_outlier_rate
20251104_1400,519,0.0,0.0,0.1464354527938343
