timestamp,rows_total,rows_reference,rows_current,duplicates_ratio,missing_ratio,emotion_outlier_rate
20251203_0120,2198,2109,89,0.0,0.0,0.14558689717925385
